10
-6225 -8878
2547 -9340
-4432 1779
1225 -2036
-1794 -4425
4165 8933
-9942 6455
-159 6733
-6518 -177
-8927 -7605
-7940 4085
-9017 -5638
-4747 5829
-9854 -1338
1462 8453
9451 851
-233 -9793
-4335 6301
6439 6912
5790 -5703
1923 -1420
-1152 -3602
1986 -7836
-1954 -3028
4168 6706
-9350 -8402
-7930 2112
-5110 -3028
-2459 -1193
-8033 -6470
-9187 1958
-2447 6209
-4407 2769
-3282 2698
5833 -4768
-8450 -2280
-6154 -5619
-4603 -4696
9268 -9005
4444 9293
-2193 3115
-7593 3531
6203 -7530
4728 9771
-8781 -4988
-9928 -9455
2425 3432
2952 7637
9676 4310
-9084 2402
1145 -1528
-1086 -1690
-7959 -1583
4706 7849
867 4329
4851 1256
-1899 3346
-9256 -9058
316 -6450
-9816 2218
-7797 -8272
-5134 -9562
-4328 -436
8241 -4467
9248 -9090
989 3856
-9509 5211
-6111 -7494
-9558 1850
2921 -5200
4390 -5221
-1372 -3423
3728 -6486
8057 -8846
9743 4970
-1600 1743
-7124 8259
520 -6601
5720 -7753
4271 4224
2248 8263
1342 -7460
-2771 -4565
-7748 -7775
-1961 4339
-4199 4670
524 -8021
5727 7567
-1907 3277
-7353 2657
8024 -5880
8366 -7093
-4418 -9817
4821 -3985
8329 168
983 -5524
-7870 3015
-2333 -2582
-3630 -4167
4495 4861
-6007 -4745
-241 4153
9594 -8909
9306 4724
1917 9710
-4473 -7880
3885 -9606
-5427 -1577
9617 -7858
-7551 -7287
-3736 3036
42 8112
5426 2919
-6706 -8326
-5701 -5539
6733 4108
3772 7094
4579 9701
1980 4452
5078 -3046
2467 9647
9458 7433
5607 2126
-6127 1802
-4858 956
3011 7797
-3244 3175
8045 1869
-4697 -6757
-3487 3703
7483 1119
1954 3812
-9562 3182
-2033 7926
-5896 1580
-9377 7842
-6577 -4746
-2640 1588
-9730 5421
4575 3147
8737 -6171
9176 632
6131 9463
-9714 -8324
-9203 -6685
-9006 7393
-9245 5860
-2415 -5339
7728 8274
-9066 9853
3675 -7983
8405 -9189
-793 -9188
-9374 -1507
1531 850
7427 5495
6943 -2265
3916 6783
9056 -2676
-2368 -5546
3491 -9397
-5575 -250
-3613 -6466
-6227 -8617
-7924 -3889
2265 -8155
4594 -5454
8 2057
2036 5733
3285 -506
-3868 -5620
-4834 7491
3635 384
-5679 7043
9376 -3069
4368 -5894
4322 7491
-623 1415
6357 -48
-519 944
-3354 -2950
-4304 2817
-1871 -8910
7185 -7103
7159 647
5485 -527
-7370 7893
-8442 -3315
3145 -5515
6908 1933
-6371 -8987
-5396 -3345
1742 -5173
-1582 -3959
-7375 1117
6683 970
-3208 -3265
9457 3748
1558 -3396
-4797 9555
-161 2063
844 -9148
-2284 -5127
4232 -5552
5947 1655
9490 4914
-1697 -1854
-1618 -8589
-1583 52
-8933 -496
1174 2234
5702 6458
-37 -1158
4842 -8055
4247 -4187
-4072 -4932
3128 -7016
9209 -7147
-7473 -9301
-7094 -1851
791 -2936
8432 -4653
8268 2993
4600 7573
-1679 8293
4060 2758
-7057 -5204
5357 1367
-9128 -194
5518 -203
897 40
3991 4791
593 -8239
1947 9801
9025 2048
-602 8173
-6427 -2258
4765 -6739
2924 4192
-8200 -4431
9111 -7105
-637 4160
-9511 -7901
-6740 956
6489 -218
-4690 7512
-3561 -3588
137 -1981
-1489 662
-8950 3408
-920 536
-532 -685
-420 453
-747 593
520 -412
370 -316
-453 233
-475 3
-117 321
-44 286
960 312
-713 37
803 929
-100 638
-981 24
-253 -740
-430 550
-71 887
-174 128
-546 -284
-303 -763
-93 -601
199 -102
956 321
242 -265
392 -636
117 -395
438 570
-289 -725
581 887
995 825
307 60
-735 -176
291 994
-528 -502
40 -139
739 -555
-358 -452
-711 -484
-258 482
-741 937
803 -331
890 613
659 -512
-431 -271
-491 -864
289 -710
521 -174
-905 935
229 933
841 -993
551 -337
-283 996
528 645
-7 -580
112 -922
-845 -368
-100 3
119 914
534 -672
-318 782
77 -692
-587 643
-317 -646
-349 396
-681 429
-318 -632
965 -908
-494 108
-525 -534
-220 562
-29 166
634 -180
466 -808
422 342
944 -688
785 -917
-260 -707
860 985
768 636
618 -541
984 -749
237 -627
427 -840
-474 819
297 93
-683 -385
-109 -620
646 -601
716 507
-805 -771
-867 149
36 95
-925 -791
-246 -646
-854 -635
-748 -756
-947 -103
-360 456
-690 865
-382 680
299 488
-217 939
794 -167
-122 -974
-208 -388
-676 65
-732 262
-548 307
994 452
-876 -761
-333 -618
865 415
385 -692
-286 628
-471 -929
451 792
-586 228
340 -285
-755 180
-683 -348
-912 358
-90 -200
562 111
-449 178
436 -979
130 290
512 -946
-222 -670
374 555
222 648
283 808
595 379
-704 782
74 35
609 -275
-825 -914
-189 -948
513 -95
115 635
-802 722
-811 812
74 -869
-922 -537
790 117
-683 -88
-489 -734
345 -227
-173 -779
-745 -300
-238 -785
173 625
172 824
-547 97
-568 544
332 770
-51 348
133 833
472 256
-426 484
-452 602
-648 -399
435 218
-98 857
-249 -318
903 -946
254 -211
-29 -286
-335 -649
-706 -306
-575 480
-896 748
-298 -340
-748 835
-503 -487
-916 -853
955 -424
-857 189
-144 855
892 626
-245 511
881 -455
57 -841
-875 102
309 810
-795 878
-632 663
994 -237
-533 692
423 928
-57 37
-461 303
-129 403
382 -715
795 -489
916 -836
618 443
117 -162
-786 -937
257 -989
602 -579
756 575
-114 715
623 566
525 643
556 507
896 -488
-299 270
369 -211
-375 858
-327 692
607 599
-795 865
-891 -958
483 -34
-572 71
-112 22
-125 -483
-811 409
915 -969
-548 877
-120 340
149 -459
-935 357
991 -654
-283 423
-113 963
-255 -645
924 551
-102 -281
-80 983
568 -558
-667 -859
798 761
-611 797
861 309
-589 329
-794 -99
699 174
-704 440
-916 692
845 108
-735 -616
-208 -358
-917 -265
-918 694
-404 -638
-134 -713
-233 232
-626 -204
-18 50
-42 -96
-87 99
45 34
64 -60
68 53
-23 22
20 84
-96 -73
91 62
45 88
100 36
71 -55
-71 14
55 -38
52 89
29 12
54 81
59 31
8 -9
62 -53
32 -58
8 -25
-99 -69
-12 10
-80 -46
50 44
-28 -66
24 -16
-42 34
67 -59
-15 -27
64 15
-75 -87
86 -2
56 55
94 49
-49 65
-86 60
80 70
27 -44
46 -74
-64 -92
-85 -21
42 -21
-70 16
61 29
-66 -98
74 -54
-8 71
88 94
-61 -72
-35 -90
94 -14
16 30
73 77
-32 -29
34 26
62 -80
100 0
49 96
54 83
5 -5
38 -87
-77 -12
-14 97
99 21
-92 34
-59 -85
29 -96
100 53
87 -44
58 -45
-53 3
41 55
-28 61
56 -18
77 -58
9 -7
21 -19
47 72
-67 52
65 67
8 56
81 48
-51 20
6 -78
74 42
93 30
-90 -80
91 30
-65 -89
0 64
-21 80
38 -60
31 -85
-36 64
43 -72
45 49
60 16
23 35
-72 85
31 -95
44 29
-50 89
-100 86
30 -82
-38 -36
43 -67
53 -67
22 66
-79 8
81 -58
-34 -41
73 82
-28 10
-30 61
-10 81
59 15
-92 -94
24 -89
-84 6
-11 -75
39 91
-80 45
35 -71
-67 -75
-47 62
-64 78
26 80
8 -76
-68 26
-15 98
23 -32
72 -79
-3 -51
53 -63
83 32
-87 25
30 70
-2 25
-41 77
48 55
38 -80
56 14
96 42
96 -89
30 -100
-92 -55
-97 5
-82 -27
43 -49
5 -75
72 86
-20 65
30 31
-98 38
-62 -74
-71 36
12 -26
-77 -51
-43 60
-15 7
60 -81
-1 98
-84 -95
4 83
-49 56
-17 49
-14 -48
47 88
98 72
36 -44
-48 69
33 82
15 -46
-97 76
86 58
-59 -39
3 78
91 32
65 92
42 10
-43 53
-4 -82
23 21
-51 -100
-32 68
-47 90
45 69
-43 -40
-4 59
-68 -46
-29 -56
90 8
-56 -43
-81 -21
-9 71
-75 -28
-18 20
-39 58
-45 33
-97 -45
14 77
92 -68
90 5
-19 31
49 -53
-19 30
79 -69
91 -36
1 45
-81 81
-8 45
89 93
4 66
-27 -47
-27 -35
-41 71
-27 84
41 -31
50 -89
-66 78
3 -40
-78 51
9 -93
42 -98
-14 57
-98 -29
44 -64
18 -57
35 -70
-77 -3
-58 28
-13 -72
14 65
-45 43
76 47
-51 -16
26 -62
79 -51
-5 -54
40 9
-87 -97
24 37
-51 -19
45 -82
-80 62
-20 66
-71 -29
0 0
10 10
