1000
-9400 7799
671 4981
-7443 -853
1417 6344
192 157
2862 481
2731 4975
-6381 -7367
-4237 -1313
3275 6661
4851 -2661
-9356 -1294
-4414 3174
-7495 9842
7573 -2523
3382 -9783
-1735 -3074
-8002 -6421
-578 8845
5308 -4834
448 -8714
-3081 1917
-2157 5924
-2704 -9556
8470 8931
4785 -4005
5026 2496
-5910 5714
-4040 4190
-169 84
4148 -4919
-3368 6306
-6654 -3981
8809 8267
-3428 641
-6703 -8024
-2131 1812
-8458 -9310
-8639 1263
-4301 5738
5871 -8739
8184 -9332
-1335 9700
1600 -5159
-7925 -6398
-5866 -9368
3453 -489
7428 -1222
9023 -4175
-6464 -1379
5692 -454
3265 9501
-1154 -8275
-9336 -1286
5287 -3133
805 -2904
-6664 2601
-9865 -5495
3185 6852
-6135 5429
6510 -7199
5131 3983
-7901 -937
5854 4959
5038 6130
-2663 2055
9413 -7846
9496 347
1708 2039
9746 7584
-7849 5073
-1436 7652
9577 -1346
6686 -7933
-6359 -8291
7767 2837
7926 -4487
-8389 -3658
-4511 9165
9256 6584
3377 -6154
5982 1679
6474 -52
7634 6036
8016 6208
-7488 2872
472 -3077
-5668 -7687
175 -5745
7718 -1081
-7034 -9754
-4572 3015
3941 -6175
-4290 -6566
-8602 1286
-72 6803
-2895 8116
-3202 -5267
2384 6391
446 -6562
-5544 4098
-9519 -9151
-6909 -5001
2850 -7586
-5877 2764
4027 8697
4147 216
6088 -4873
7808 3537
9172 -4665
702 -9550
7011 8658
-2153 -6180
1513 9035
8274 -4185
925 4116
-1153 5208
-4336 -3475
-905 -9959
9270 8620
983 -3000
638 -7985
-2546 -5225
-6826 905
-421 3513
-9414 -3275
7029 -9390
-8222 9459
-8829 8579
7257 -7056
505 -8356
4316 -9657
-8358 -5743
9576 -8078
-1695 -7651
5543 -7771
-22 -6983
-1949 -8428
-7450 1918
1936 3334
7948 -5992
-9307 7411
6418 2590
6630 2381
9714 8045
-3996 -9823
5381 -5922
6422 4545
4706 2686
-3196 -8253
-4178 2327
7994 -6279
-3143 -425
2443 8516
-1135 4591
-5796 6785
-5193 7767
-6113 -8896
-1157 -9922
4161 1726
-4733 8699
-6010 -9789
-9125 7191
1328 -3214
-4127 -4610
491 8746
-9065 -5611
-2206 -5027
7791 4184
254 -1961
8547 6501
421 7972
3574 7464
-1217 2202
205 -5181
5552 -9505
-9050 665
7919 1335
7119 -7676
-4497 4501
-7619 5419
9990 -2040
8600 219
5022 -766
8646 -150
-7887 -5654
5151 -3644
1498 924
2857 -184
1713 373
7008 -6847
-1954 -9211
143 4334
-9678 -9024
-4408 2653
7759 7513
6735 -2146
-6645 940
8076 9638
-4181 -3749
-595 5980
6797 8090
2701 -289
2686 -9075
-93 -5127
7988 6429
-8354 -6579
5601 8574
-6529 4268
-9699 -1207
-9450 4161
-4637 -3788
6818 73
-5176 -3993
5783 8173
-5092 -2977
-8587 -7642
-1509 6903
9473 -1389
-9558 -4186
-349 9289
-8287 -5809
8326 5228
2715 3046
4641 8494
9282 -3454
5550 2787
8984 8778
645 -4644
6464 2624
-5465 3989
9954 -9977
-3877 3008
4754 -9490
2444 7207
572 5514
-2561 5703
-4943 -824
-1240 -1761
3064 5254
9790 -3655
-3222 7992
6134 -310
-9000 -7556
8736 -9699
1297 7116
-5691 -4522
4867 9400
6312 -2423
3054 9655
-388 -180
205 -950
137 -558
776 603
807 271
-922 -798
-885 847
-147 -504
293 -811
-242 -447
-956 -884
-700 -383
607 342
-115 202
397 -401
-54 -123
164 -357
388 -800
-308 941
-707 -435
908 197
-245 779
-30 -129
981 136
25 464
422 -71
205 76
656 416
-569 31
148 -947
524 -745
574 -398
1 -888
-247 -829
47 -441
483 675
-360 653
-122 -982
-581 -456
-369 462
-624 86
-918 -974
-849 -568
452 -737
-635 646
864 295
518 762
-249 -588
-766 388
-98 641
-72 -143
567 960
514 -539
-474 -998
279 -686
74 712
-655 -108
-406 -24
-913 687
287 -426
-310 -338
-192 313
-463 -40
-849 403
-641 -671
-839 21
-675 497
-144 -675
249 -925
-430 -482
993 132
90 766
-513 -711
-506 -383
-154 795
181 -498
551 -6
-890 -83
713 -79
-768 -158
-949 103
268 -174
-259 -537
123 517
24 -9
942 -264
451 750
399 -692
-306 838
-2 -749
452 -715
-657 267
586 -415
550 293
-151 730
-500 -445
112 -528
-361 -575
-746 -610
-843 -153
-531 -876
629 -694
893 -173
-446 -366
-916 334
44 667
-816 -355
470 -381
421 873
-135 322
849 -226
-210 18
361 -174
841 278
740 200
748 217
-625 -533
125 624
425 -730
883 992
231 555
121 -414
6 -404
-908 -902
664 -118
885 582
-666 880
10 989
-494 377
-761 943
-677 -769
-293 -757
-359 864
752 -265
-728 -64
800 528
-683 700
895 -425
101 417
-516 -51
-795 -480
-492 -714
182 32
-353 618
-947 -897
448 981
845 -655
-135 -134
116 -60
253 773
555 -402
-225 -178
-807 -677
162 564
382 761
788 554
673 -165
-111 -126
-996 586
-390 517
531 -762
-307 -631
-85 -508
655 -668
-763 403
-725 -315
-33 -116
-401 447
-190 -54
-861 -240
-127 -508
271 204
-788 -346
-589 439
-514 923
-228 533
-577 898
-214 461
378 354
845 679
-987 -718
898 -108
-921 42
-101 718
556 660
-138 -690
11 35
-453 -798
650 -255
-465 975
917 997
-877 -883
939 666
358 293
-642 785
718 617
131 419
-160 -849
536 587
450 -368
620 437
785 -53
401 372
-930 351
886 900
675 549
391 227
-580 988
-919 -792
298 563
-216 -531
552 -656
618 -279
953 -581
-416 -587
-243 283
920 -757
584 965
383 31
-452 914
-830 -359
-69 921
933 -287
242 88
-181 -359
-81 -612
131 492
740 865
-274 -753
996 -539
-184 -423
-177 454
465 -931
159 -897
-689 434
126 -596
-541 619
-262 468
-37 -159
-67 861
64 -310
163 -193
-755 840
658 -633
221 491
511 24
-87 -222
-866 -403
487 -379
688 -901
-23 98
-75 31
76 -42
35 -20
-22 34
82 58
93 83
23 -21
-31 67
51 -60
87 -11
23 -89
-69 -4
12 13
-23 50
57 23
-44 2
53 -90
29 74
-18 -10
92 5
45 94
23 36
-32 89
69 28
-7 38
-11 99
85 -83
7 67
-84 -43
86 -54
-24 -67
-28 42
33 0
25 34
-3 -75
-74 -28
18 -96
-42 -17
-60 -100
-67 82
-19 -60
-47 -69
-13 -77
-77 49
13 -30
81 -34
-84 -46
-61 43
-55 26
-49 -67
-98 59
85 -8
-43 71
-95 66
-23 7
-4 -4
56 -70
-100 -7
-87 -10
-33 -14
-64 -93
-11 -50
-61 -89
-54 -8
0 -9
-83 84
69 49
64 -90
92 -3
64 -45
79 92
-62 76
96 85
26 -61
-73 17
-81 -52
27 -42
-68 -19
-91 15
-28 20
28 -98
49 -31
-43 36
-40 -81
37 -86
-38 37
83 -12
30 32
-7 12
-13 -90
-23 -86
-75 -15
2 21
32 97
55 75
44 52
-55 -74
54 63
-57 16
65 -88
17 49
-1 -73
100 -49
-65 27
-6 47
16 84
20 68
83 27
35 20
55 76
91 58
-1 -37
85 -76
81 -88
-83 53
-4 40
17 61
-14 -9
36 38
16 -33
15 51
34 -38
64 -96
-72 95
-36 66
71 -68
7 78
-24 -17
-76 -33
22 -7
5 -75
-36 27
-46 -36
-65 82
24 -66
-80 36
24 -54
33 67
-54 13
-39 34
-95 67
-89 44
-66 -27
22 -48
-96 6
-6 -91
-55 26
41 5
-11 -92
11 61
67 -91
-3 34
-19 -10
95 0
1 -66
50 78
64 65
79 -21
-18 55
2 43
17 -47
-69 -68
-31 -70
86 13
-21 -57
-25 27
-57 -37
-43 64
-74 15
-12 -83
64 -6
85 5
7 -81
47 33
92 12
-8 -74
54 33
-3 3
-68 54
-38 -100
-7 -21
-5 13
26 -23
73 -100
37 -87
22 -98
-34 94
47 -66
100 22
-91 -97
-1 -68
70 73
-37 -93
41 78
26 -13
-29 -59
-8 -53
54 29
-20 -62
-23 -93
91 24
14 76
-90 -10
71 54
44 -74
-73 34
-10 66
-29 94
-56 -48
23 -43
-8 -62
-43 11
-65 1
57 26
-46 -78
41 -83
-53 -26
33 -88
-76 9
-38 36
-92 -63
89 23
-11 -5
85 30
51 52
-86 -19
81 79
63 -25
-56 -79
-17 79
17 -89
26 17
31 7
15 -32
56 52
-70 -50
98 37
27 -86
-5 -42
-6 85
-4 37
24 54
52 -54
-85 30
70 -33
-25 68
58 -40
-55 -2
52 83
0 -4
-5 8
-10 -1
3 4
-2 7
6 3
-9 10
4 4
4 -6
-2 4
-5 -2
-9 2
2 2
3 8
-1 -3
-3 7
10 -6
9 -3
8 8
-2 9
-8 -6
8 -7
-3 -1
4 -7
-4 8
5 1
1 -3
4 0
0 1
4 -4
-4 -1
3 7
10 -4
-2 5
-6 -7
4 -4
-5 -8
-2 1
0 -8
6 -2
5 -7
-3 2
0 -10
10 -3
9 -10
9 -3
7 -3
6 -2
3 -2
1 -4
-3 0
-9 3
5 -9
0 6
-5 5
-10 -9
10 -1
8 -1
-2 7
4 -3
3 -3
-4 -10
7 3
-2 7
9 1
3 2
9 7
-10 9
2 -8
0 2
-2 9
6 6
-8 5
-4 7
6 2
-10 10
-1 -4
-4 5
9 9
3 -8
-5 4
-10 -3
-7 6
1 8
3 -8
7 1
-3 -5
-7 6
3 -9
4 3
8 0
2 -1
-9 1
-7 -3
5 8
3 2
-5 -4
3 -2
10 0
-9 7
-2 3
9 4
-5 -7
-3 -4
5 -1
8 10
7 -4
10 -1
-8 -4
-1 -1
-5 -7
-7 9
-6 1
10 -4
-1 -7
-2 -7
1 -5
-7 -3
-6 -3
8 -10
7 -4
-4 10
8 1
-5 1
3 7
0 -8
2 2
6 -5
8 10
-10 3
-6 -6
6 -5
-9 -4
4 -7
10 7
-6 1
9 -9
4 -1
-3 -3
0 -7
-4 2
5 -9
-5 -10
-10 -1
-4 -5
8 -3
3 -4
2 -2
-10 6
6 3
5 4
6 2
2 -4
-7 -10
5 -10
-4 -6
7 -2
10 -9
-3 9
10 4
4 10
9 3
-9 -6
3 -6
8 8
-9 9
-7 5
5 10
8 -1
4 -3
3 -9
7 -9
8 0
-4 -2
4 -8
-6 -1
3 -1
9 3
-8 2
5 -1
6 -9
-6 7
-6 -9
3 -7
-1 0
6 -2
4 3
7 -8
7 6
-7 -4
1 5
9 -1
5 -8
3 7
-2 -8
-4 -6
0 -5
-3 10
9 -10
2 6
-6 4
-9 5
6 0
6 6
2 10
8 -10
-4 7
-3 8
5 -7
7 -4
-4 8
0 9
-10 -8
0 9
5 -9
2 -2
2 3
-4 -1
-7 -3
9 -4
9 -9
-10 -5
1 -5
-2 -4
-4 9
4 8
-3 0
-4 5
9 6
-3 -6
8 -1
-9 2
-7 -5
-10 -10
1 8
-8 9
6 -8
-3 -10
0 -2
-3 9
6 9
7 -10
-9 -6
-10 -2
-9 2
2 -1
4 -4
9 -5
4 6
-8 9
