1000
-10000 10000
-10000 9920
-10000 9840
-10000 9760
-10000 9680
-10000 9600
-10000 9520
-10000 9440
-10000 9360
-10000 9280
-10000 9200
-10000 9120
-10000 9040
-10000 8960
-10000 8880
-10000 8800
-10000 8720
-10000 8640
-10000 8560
-10000 8480
-10000 8400
-10000 8320
-10000 8240
-10000 8160
-10000 8080
-10000 8000
-10000 7920
-10000 7840
-10000 7760
-10000 7680
-10000 7600
-10000 7520
-10000 7440
-10000 7360
-10000 7280
-10000 7200
-10000 7120
-10000 7040
-10000 6960
-10000 6880
-10000 6800
-10000 6720
-10000 6640
-10000 6560
-10000 6480
-10000 6400
-10000 6320
-10000 6240
-10000 6160
-10000 6080
-10000 6000
-10000 5920
-10000 5840
-10000 5760
-10000 5680
-10000 5600
-10000 5520
-10000 5440
-10000 5360
-10000 5280
-10000 5200
-10000 5120
-10000 5040
-10000 4960
-10000 4880
-10000 4800
-10000 4720
-10000 4640
-10000 4560
-10000 4480
-10000 4400
-10000 4320
-10000 4240
-10000 4160
-10000 4080
-10000 4000
-10000 3920
-10000 3840
-10000 3760
-10000 3680
-10000 3600
-10000 3520
-10000 3440
-10000 3360
-10000 3280
-10000 3200
-10000 3120
-10000 3040
-10000 2960
-10000 2880
-10000 2800
-10000 2720
-10000 2640
-10000 2560
-10000 2480
-10000 2400
-10000 2320
-10000 2240
-10000 2160
-10000 2080
-10000 2000
-10000 1920
-10000 1840
-10000 1760
-10000 1680
-10000 1600
-10000 1520
-10000 1440
-10000 1360
-10000 1280
-10000 1200
-10000 1120
-10000 1040
-10000 960
-10000 880
-10000 800
-10000 720
-10000 640
-10000 560
-10000 480
-10000 400
-10000 320
-10000 240
-10000 160
-10000 80
-10000 0
-10000 -80
-10000 -160
-10000 -240
-10000 -320
-10000 -400
-10000 -480
-10000 -560
-10000 -640
-10000 -720
-10000 -800
-10000 -880
-10000 -960
-10000 -1040
-10000 -1120
-10000 -1200
-10000 -1280
-10000 -1360
-10000 -1440
-10000 -1520
-10000 -1600
-10000 -1680
-10000 -1760
-10000 -1840
-10000 -1920
-10000 -2000
-10000 -2080
-10000 -2160
-10000 -2240
-10000 -2320
-10000 -2400
-10000 -2480
-10000 -2560
-10000 -2640
-10000 -2720
-10000 -2800
-10000 -2880
-10000 -2960
-10000 -3040
-10000 -3120
-10000 -3200
-10000 -3280
-10000 -3360
-10000 -3440
-10000 -3520
-10000 -3600
-10000 -3680
-10000 -3760
-10000 -3840
-10000 -3920
-10000 -4000
-10000 -4080
-10000 -4160
-10000 -4240
-10000 -4320
-10000 -4400
-10000 -4480
-10000 -4560
-10000 -4640
-10000 -4720
-10000 -4800
-10000 -4880
-10000 -4960
-10000 -5040
-10000 -5120
-10000 -5200
-10000 -5280
-10000 -5360
-10000 -5440
-10000 -5520
-10000 -5600
-10000 -5680
-10000 -5760
-10000 -5840
-10000 -5920
-10000 -6000
-10000 -6080
-10000 -6160
-10000 -6240
-10000 -6320
-10000 -6400
-10000 -6480
-10000 -6560
-10000 -6640
-10000 -6720
-10000 -6800
-10000 -6880
-10000 -6960
-10000 -7040
-10000 -7120
-10000 -7200
-10000 -7280
-10000 -7360
-10000 -7440
-10000 -7520
-10000 -7600
-10000 -7680
-10000 -7760
-10000 -7840
-10000 -7920
-10000 -8000
-10000 -8080
-10000 -8160
-10000 -8240
-10000 -8320
-10000 -8400
-10000 -8480
-10000 -8560
-10000 -8640
-10000 -8720
-10000 -8800
-10000 -8880
-10000 -8960
-10000 -9040
-10000 -9120
-10000 -9200
-10000 -9280
-10000 -9360
-10000 -9440
-10000 -9520
-10000 -9600
-10000 -9680
-10000 -9760
-10000 -9840
-10000 -9920
10000 10000
10000 9920
10000 9840
10000 9760
10000 9680
10000 9600
10000 9520
10000 9440
10000 9360
10000 9280
10000 9200
10000 9120
10000 9040
10000 8960
10000 8880
10000 8800
10000 8720
10000 8640
10000 8560
10000 8480
10000 8400
10000 8320
10000 8240
10000 8160
10000 8080
10000 8000
10000 7920
10000 7840
10000 7760
10000 7680
10000 7600
10000 7520
10000 7440
10000 7360
10000 7280
10000 7200
10000 7120
10000 7040
10000 6960
10000 6880
10000 6800
10000 6720
10000 6640
10000 6560
10000 6480
10000 6400
10000 6320
10000 6240
10000 6160
10000 6080
10000 6000
10000 5920
10000 5840
10000 5760
10000 5680
10000 5600
10000 5520
10000 5440
10000 5360
10000 5280
10000 5200
10000 5120
10000 5040
10000 4960
10000 4880
10000 4800
10000 4720
10000 4640
10000 4560
10000 4480
10000 4400
10000 4320
10000 4240
10000 4160
10000 4080
10000 4000
10000 3920
10000 3840
10000 3760
10000 3680
10000 3600
10000 3520
10000 3440
10000 3360
10000 3280
10000 3200
10000 3120
10000 3040
10000 2960
10000 2880
10000 2800
10000 2720
10000 2640
10000 2560
10000 2480
10000 2400
10000 2320
10000 2240
10000 2160
10000 2080
10000 2000
10000 1920
10000 1840
10000 1760
10000 1680
10000 1600
10000 1520
10000 1440
10000 1360
10000 1280
10000 1200
10000 1120
10000 1040
10000 960
10000 880
10000 800
10000 720
10000 640
10000 560
10000 480
10000 400
10000 320
10000 240
10000 160
10000 80
10000 0
10000 -80
10000 -160
10000 -240
10000 -320
10000 -400
10000 -480
10000 -560
10000 -640
10000 -720
10000 -800
10000 -880
10000 -960
10000 -1040
10000 -1120
10000 -1200
10000 -1280
10000 -1360
10000 -1440
10000 -1520
10000 -1600
10000 -1680
10000 -1760
10000 -1840
10000 -1920
10000 -2000
10000 -2080
10000 -2160
10000 -2240
10000 -2320
10000 -2400
10000 -2480
10000 -2560
10000 -2640
10000 -2720
10000 -2800
10000 -2880
10000 -2960
10000 -3040
10000 -3120
10000 -3200
10000 -3280
10000 -3360
10000 -3440
10000 -3520
10000 -3600
10000 -3680
10000 -3760
10000 -3840
10000 -3920
10000 -4000
10000 -4080
10000 -4160
10000 -4240
10000 -4320
10000 -4400
10000 -4480
10000 -4560
10000 -4640
10000 -4720
10000 -4800
10000 -4880
10000 -4960
10000 -5040
10000 -5120
10000 -5200
10000 -5280
10000 -5360
10000 -5440
10000 -5520
10000 -5600
10000 -5680
10000 -5760
10000 -5840
10000 -5920
10000 -6000
10000 -6080
10000 -6160
10000 -6240
10000 -6320
10000 -6400
10000 -6480
10000 -6560
10000 -6640
10000 -6720
10000 -6800
10000 -6880
10000 -6960
10000 -7040
10000 -7120
10000 -7200
10000 -7280
10000 -7360
10000 -7440
10000 -7520
10000 -7600
10000 -7680
10000 -7760
10000 -7840
10000 -7920
10000 -8000
10000 -8080
10000 -8160
10000 -8240
10000 -8320
10000 -8400
10000 -8480
10000 -8560
10000 -8640
10000 -8720
10000 -8800
10000 -8880
10000 -8960
10000 -9040
10000 -9120
10000 -9200
10000 -9280
10000 -9360
10000 -9440
10000 -9520
10000 -9600
10000 -9680
10000 -9760
10000 -9840
10000 -9920
10000 -10000
9920 -10000
9840 -10000
9760 -10000
9680 -10000
9600 -10000
9520 -10000
9440 -10000
9360 -10000
9280 -10000
9200 -10000
9120 -10000
9040 -10000
8960 -10000
8880 -10000
8800 -10000
8720 -10000
8640 -10000
8560 -10000
8480 -10000
8400 -10000
8320 -10000
8240 -10000
8160 -10000
8080 -10000
8000 -10000
7920 -10000
7840 -10000
7760 -10000
7680 -10000
7600 -10000
7520 -10000
7440 -10000
7360 -10000
7280 -10000
7200 -10000
7120 -10000
7040 -10000
6960 -10000
6880 -10000
6800 -10000
6720 -10000
6640 -10000
6560 -10000
6480 -10000
6400 -10000
6320 -10000
6240 -10000
6160 -10000
6080 -10000
6000 -10000
5920 -10000
5840 -10000
5760 -10000
5680 -10000
5600 -10000
5520 -10000
5440 -10000
5360 -10000
5280 -10000
5200 -10000
5120 -10000
5040 -10000
4960 -10000
4880 -10000
4800 -10000
4720 -10000
4640 -10000
4560 -10000
4480 -10000
4400 -10000
4320 -10000
4240 -10000
4160 -10000
4080 -10000
4000 -10000
3920 -10000
3840 -10000
3760 -10000
3680 -10000
3600 -10000
3520 -10000
3440 -10000
3360 -10000
3280 -10000
3200 -10000
3120 -10000
3040 -10000
2960 -10000
2880 -10000
2800 -10000
2720 -10000
2640 -10000
2560 -10000
2480 -10000
2400 -10000
2320 -10000
2240 -10000
2160 -10000
2080 -10000
2000 -10000
1920 -10000
1840 -10000
1760 -10000
1680 -10000
1600 -10000
1520 -10000
1440 -10000
1360 -10000
1280 -10000
1200 -10000
1120 -10000
1040 -10000
960 -10000
880 -10000
800 -10000
720 -10000
640 -10000
560 -10000
480 -10000
400 -10000
320 -10000
240 -10000
160 -10000
80 -10000
0 -10000
-80 -10000
-160 -10000
-240 -10000
-320 -10000
-400 -10000
-480 -10000
-560 -10000
-640 -10000
-720 -10000
-800 -10000
-880 -10000
-960 -10000
-1040 -10000
-1120 -10000
-1200 -10000
-1280 -10000
-1360 -10000
-1440 -10000
-1520 -10000
-1600 -10000
-1680 -10000
-1760 -10000
-1840 -10000
-1920 -10000
-2000 -10000
-2080 -10000
-2160 -10000
-2240 -10000
-2320 -10000
-2400 -10000
-2480 -10000
-2560 -10000
-2640 -10000
-2720 -10000
-2800 -10000
-2880 -10000
-2960 -10000
-3040 -10000
-3120 -10000
-3200 -10000
-3280 -10000
-3360 -10000
-3440 -10000
-3520 -10000
-3600 -10000
-3680 -10000
-3760 -10000
-3840 -10000
-3920 -10000
-4000 -10000
-4080 -10000
-4160 -10000
-4240 -10000
-4320 -10000
-4400 -10000
-4480 -10000
-4560 -10000
-4640 -10000
-4720 -10000
-4800 -10000
-4880 -10000
-4960 -10000
-5040 -10000
-5120 -10000
-5200 -10000
-5280 -10000
-5360 -10000
-5440 -10000
-5520 -10000
-5600 -10000
-5680 -10000
-5760 -10000
-5840 -10000
-5920 -10000
-6000 -10000
-6080 -10000
-6160 -10000
-6240 -10000
-6320 -10000
-6400 -10000
-6480 -10000
-6560 -10000
-6640 -10000
-6720 -10000
-6800 -10000
-6880 -10000
-6960 -10000
-7040 -10000
-7120 -10000
-7200 -10000
-7280 -10000
-7360 -10000
-7440 -10000
-7520 -10000
-7600 -10000
-7680 -10000
-7760 -10000
-7840 -10000
-7920 -10000
-8000 -10000
-8080 -10000
-8160 -10000
-8240 -10000
-8320 -10000
-8400 -10000
-8480 -10000
-8560 -10000
-8640 -10000
-8720 -10000
-8800 -10000
-8880 -10000
-8960 -10000
-9040 -10000
-9120 -10000
-9200 -10000
-9280 -10000
-9360 -10000
-9440 -10000
-9520 -10000
-9600 -10000
-9680 -10000
-9760 -10000
-9840 -10000
-9920 -10000
10000 10000
9920 10000
9840 10000
9760 10000
9680 10000
9600 10000
9520 10000
9440 10000
9360 10000
9280 10000
9200 10000
9120 10000
9040 10000
8960 10000
8880 10000
8800 10000
8720 10000
8640 10000
8560 10000
8480 10000
8400 10000
8320 10000
8240 10000
8160 10000
8080 10000
8000 10000
7920 10000
7840 10000
7760 10000
7680 10000
7600 10000
7520 10000
7440 10000
7360 10000
7280 10000
7200 10000
7120 10000
7040 10000
6960 10000
6880 10000
6800 10000
6720 10000
6640 10000
6560 10000
6480 10000
6400 10000
6320 10000
6240 10000
6160 10000
6080 10000
6000 10000
5920 10000
5840 10000
5760 10000
5680 10000
5600 10000
5520 10000
5440 10000
5360 10000
5280 10000
5200 10000
5120 10000
5040 10000
4960 10000
4880 10000
4800 10000
4720 10000
4640 10000
4560 10000
4480 10000
4400 10000
4320 10000
4240 10000
4160 10000
4080 10000
4000 10000
3920 10000
3840 10000
3760 10000
3680 10000
3600 10000
3520 10000
3440 10000
3360 10000
3280 10000
3200 10000
3120 10000
3040 10000
2960 10000
2880 10000
2800 10000
2720 10000
2640 10000
2560 10000
2480 10000
2400 10000
2320 10000
2240 10000
2160 10000
2080 10000
2000 10000
1920 10000
1840 10000
1760 10000
1680 10000
1600 10000
1520 10000
1440 10000
1360 10000
1280 10000
1200 10000
1120 10000
1040 10000
960 10000
880 10000
800 10000
720 10000
640 10000
560 10000
480 10000
400 10000
320 10000
240 10000
160 10000
80 10000
0 10000
-80 10000
-160 10000
-240 10000
-320 10000
-400 10000
-480 10000
-560 10000
-640 10000
-720 10000
-800 10000
-880 10000
-960 10000
-1040 10000
-1120 10000
-1200 10000
-1280 10000
-1360 10000
-1440 10000
-1520 10000
-1600 10000
-1680 10000
-1760 10000
-1840 10000
-1920 10000
-2000 10000
-2080 10000
-2160 10000
-2240 10000
-2320 10000
-2400 10000
-2480 10000
-2560 10000
-2640 10000
-2720 10000
-2800 10000
-2880 10000
-2960 10000
-3040 10000
-3120 10000
-3200 10000
-3280 10000
-3360 10000
-3440 10000
-3520 10000
-3600 10000
-3680 10000
-3760 10000
-3840 10000
-3920 10000
-4000 10000
-4080 10000
-4160 10000
-4240 10000
-4320 10000
-4400 10000
-4480 10000
-4560 10000
-4640 10000
-4720 10000
-4800 10000
-4880 10000
-4960 10000
-5040 10000
-5120 10000
-5200 10000
-5280 10000
-5360 10000
-5440 10000
-5520 10000
-5600 10000
-5680 10000
-5760 10000
-5840 10000
-5920 10000
-6000 10000
-6080 10000
-6160 10000
-6240 10000
-6320 10000
-6400 10000
-6480 10000
-6560 10000
-6640 10000
-6720 10000
-6800 10000
-6880 10000
-6960 10000
-7040 10000
-7120 10000
-7200 10000
-7280 10000
-7360 10000
-7440 10000
-7520 10000
-7600 10000
-7680 10000
-7760 10000
-7840 10000
-7920 10000
-8000 10000
-8080 10000
-8160 10000
-8240 10000
-8320 10000
-8400 10000
-8480 10000
-8560 10000
-8640 10000
-8720 10000
-8800 10000
-8880 10000
-8960 10000
-9040 10000
-9120 10000
-9200 10000
-9280 10000
-9360 10000
-9440 10000
-9520 10000
-9600 10000
-9680 10000
-9760 10000
-9840 10000
-9920 10000
